Record Nn' Vn' Fn' On'  Nv   Vv  Fv' Ov' No' Vo' Fo'  Q Se   Q +P   V Se   V +P  V FPR
s20011 98276   2   0  49   0    0   0   0 1396   0   0  98.60  99.95   0.00      -  0.000
s20021 88426 133   1 236   0    0   0   0  34   4   0  99.96  99.73   0.00      -  0.000
s20031 108781   1   0 403   0    0   0   0 326   0   1  99.70  99.63   0.00      -  0.000
s20041 102431 5936   7 205   0    0   0   0 147 472   0  99.43  99.81   0.00      -  0.000
s20051 111206   1   2  13   0    0   0   0 1013   1   0  99.10  99.99   0.00      -  0.000
s20061 115706 734   0  31   0    0   0   0 976  38   0  99.14  99.97   0.00      -  0.000
s20071 85278   5   0  62   0    0   0   0  43   0   0  99.95  99.93   0.00      -  0.000
s20081 110612 1202  19  29   0    0   0   0 629  88   3  99.36  99.97   0.00      -  0.000
s20091 110285   0   0   1   0    0   0   0 758   0   0  99.32 100.00      -      -  0.000
s20101 70185 7075 375 2086   0    0   0   0   0   5   9  99.98  97.38   0.00      -  0.000
s20111 84873   3   0 117   0    0   0   0   5   0   0  99.99  99.86   0.00      -  0.000
s20121 84630 516   0  74   0    0   0   0  12  62   0  99.91  99.91   0.00      -  0.000
s20131 105004 485   5  19   0    0   0   0 386   9   1  99.63  99.98   0.00      -  0.000
s20141 115661   0   0   2   0    0   0   0 545   0   0  99.53 100.00      -      -  0.000
s20151 79180 137  11 122   0    0   0   0   2  29   0  99.96  99.85   0.00      -  0.000
s20161 83281   5   1 4475   0    0   0   0  65   3   0  99.92  94.90   0.00      -  0.000
s20171 125759   5   0  17   0    0   0   0 299   4   0  99.76  99.99   0.00      -  0.000
s20181 106060 120   1 616   0    0   0   0 371   3   0  99.65  99.42   0.00      -  0.000
s20191 90793   7   0 12065   0    0   0   0 6482   0   0  93.34  88.27   0.00      -  0.000
s20201 91037   8   0  96   0    0   0   0  10   3   0  99.99  99.89   0.00      -  0.000
s20211 98909  12   1  59   0    0   0   0 417   5   0  99.58  99.94   0.00      -  0.000
s20221 118517  24   0  12   0    0   0   0 171   3   0  99.85  99.99   0.00      -  0.000
s20231 65465   1   1  43   0    0   0   0 37209   1   0  63.76  99.93   0.00      -  0.000
s20241 91699   5   0  38   0    0   0   0 292   1   0  99.68  99.96   0.00      -  0.000
s20251 107827   7   0 584   0    0   0   0 136   0   0  99.87  99.46   0.00      -  0.000
s20261 101169 713   1  15   0    0   0   0  39  33   0  99.93  99.99   0.00      -  0.000
s20271 105483 7181   0 359   0    0   0   0 467 712   0  98.96  99.68   0.00      -  0.000
s20272 116897 358   0 182   0    0   0   0 351   3   0  99.70  99.85   0.00      -  0.000
s20273 102897 542   0 884   0    0   0   0 200  64   0  99.75  99.15   0.00      -  0.000
s20274 118870 583   2 398   0    0   0   0 1156 115   0  98.95  99.67   0.00      -  0.000
s20281 72416   0   0 111   0    0   0   0 392   0   0  99.46  99.85      -      -  0.000
s20291 75758 408   0 1430   0    0   0   0 119   2   0  99.84  98.16   0.00      -  0.000
s20301 106344  23   0  16   0    0   0   0  11   1   0  99.99  99.98   0.00      -  0.000
s20311 84119   3   0 9045   0    0   0   0 1749   0   0  97.96  90.29   0.00      -  0.000
s20321 91374 149   0  78   0    0   0   0  12  51   0  99.93  99.91   0.00      -  0.000
s20331 83688   4   3  69   0    0   0   0  25   2   0  99.97  99.92   0.00      -  0.000
s20341 99649  83   0 122   0    0   0   0  79   4   1  99.92  99.88   0.00      -  0.000
s20351 118146 720   0  44   0    0   0   0 317  76   0  99.67  99.96   0.00      -  0.000
s20361 105109   9   1 942   0    0   0   0 259   2   0  99.75  99.11   0.00      -  0.000
s20371 95395   4   0  44   0    0   0   0  10   1   0  99.99  99.95   0.00      -  0.000
s20381 102511  50   0 100   0    0   0   0 320   3   0  99.69  99.90   0.00      -  0.000
s20391 100677 104   1 174   0    0   0   0 1440  97   5  98.49  99.83   0.00      -  0.000
s20401 76294  57   0 540   0    0   0   0 693   4   0  99.10  99.30   0.00      -  0.000
s20411 84361  23   0 991   0    0   0   0  44   0   0  99.95  98.84   0.00      -  0.000
s20421 92414  90   5 227   0    0   0   0  71   2   0  99.92  99.76   0.00      -  0.000
s20431 101612  32   0 117   0    0   0   0 441   1   0  99.57  99.89   0.00      -  0.000
s20441 89288 3415   0 338   0    0   0   0  33   1   0  99.96  99.64   0.00      -  0.000
s20451 87729   2   0 582   0    0   0   0  59   1   0  99.93  99.34   0.00      -  0.000
s20461 98482   2   0  43   0    0   0   0   5   0   0  99.99  99.96   0.00      -  0.000
s20471 114795  53   0  73   0    0   0   0  94   8   1  99.91  99.94   0.00      -  0.000
s20481 90993   0   0 957   0    0   0   0 124   0   0  99.86  98.96      -      -  0.000
s20491 95715 721   0 465   0    0   0   0 114  24   0  99.86  99.52   0.00      -  0.000
s20501 139965 497   1 552   0    0   0   0 1739   5   0  98.77  99.61   0.00      -  0.000
s20511 82123   7   2 1518   0    0   0   0 265   1   0  99.68  98.19   0.00      -  0.000
s20521 74886  12   0 977   0    0   0   0  58   1   0  99.92  98.71   0.00      -  0.000
s20531 85933  61   1 933   0    0   0   0 178   0   0  99.79  98.93   0.00      -  0.000
s20541 110986 534   5 125   0    0   0   0 2822  27   1  97.51  99.89   0.00      -  0.000
s20551 100037  83   2 270   0    0   0   0  66  28   0  99.91  99.73   0.00      -  0.000
s20561 100086  71   1 1043   0    0   0   0 233   0   0  99.77  98.97   0.00      -  0.000
s20571 86207 2218   5 255   0    0   0   0  75  34   0  99.88  99.71   0.00      -  0.000
s20581 84571  16   0 102   0    0   0   0  12   2   0  99.98  99.88   0.00      -  0.000
s20591 83833   3   0 13969   0    0   0   0   7   0   0  99.99  85.72   0.00      -  0.000
s20601 116202   2   0 291   0    0   0   0 284   0   0  99.76  99.75   0.00      -  0.000
s20611 234382   0   0 281   0    0   0   0 1062   0   0  99.55  99.88      -      -  0.000
s20621 109100 1189   1 2474   0    0   0   0 1457 186   0  98.53  97.81   0.00      -  0.000
s20631 99594   0   0 171   0    0   0   0  47   0   0  99.95  99.83      -      -  0.000
s20641 83533 774   0 45226   0    0   0   0 117   2   0  99.86  65.09   0.00      -  0.000
s20651 102809 317   0 13386   0    0   0   0 430  14   0  99.57  88.51   0.00      -  0.000
s30661 133503  54   1  37   0    0   0   0 10366   6   2  92.79  99.97   0.00      -  0.000
s30671 98356 278   2  84   0    0   0   0  23  69   0  99.91  99.91   0.00      -  0.000
s30681 122241  11   0 305   0    0   0   0 3845   4   0  96.95  99.75   0.00      -  0.000
s30691 99971   1   0 22747   0    0   0   0 1383   0   0  98.64  81.46   0.00      -  0.000
s30701 106577   0   0  15   0    0   0   0 142   0   0  99.87  99.99      -      -  0.000
s30711 126513 18856   5  68   0    0   0   0 7277  88   2  95.18  99.95   0.00      -  0.000
s30721 85402 277   0 10051   0    0   0   0 20498  57   0  80.65  89.50   0.00      -  0.000
s30731 105575  36  11 164   0    0   0   0  18   0   0  99.98  99.84   0.00      -  0.000
s30732 96201  25   2 115   0    0   0   0  15   0   0  99.98  99.88   0.00      -  0.000
s30741 122605   0   0   5   0    0   0   0 459   0   0  99.63 100.00      -      -  0.000
s30742 113129   0   0   4   0    0   0   0 188   0   0  99.83 100.00      -      -  0.000
s30751 102107 3306   8 195   0    0   0   0  80 149   0  99.78  99.82   0.00      -  0.000
s30752 113771 5796  22 472   0    0   0   0 333 176   0  99.58  99.61   0.00      -  0.000
s30761 112335 3148  57 3368   0    0   0   0 1080  56   1  99.03  97.17   0.00      -  0.000
s30771 76696   6   0 15968   0    0   0   0 905   0   0  98.83  82.77   0.00      -  0.000
s30781 92632 371   6 5331   0    0   0   0 16588  37   1  84.84  94.58   0.00      -  0.000
s30791 100003  53   1  11   0    0   0   0  25   4   0  99.97  99.99   0.00      -  0.000
s30801 81202   0   0 17349   0    0   0   0 12853   0   0  86.33  82.40      -      -  0.000
______________________________________________________________________________________
Sum  8645132 69755 570 197662   0    0   0   0 145278 2884  28
Gross                                                   98.33  97.78   0.00      -  0.000
Average                                                 98.41  97.85   0.00      -  0.000
Total QRS complexes: 8863647  Total VEBs: 72639

Summary of results from 86 records
